{
    "animation": [
        {
            "name": "Root",
            "time": [0.0, 0.0167, 0.0333, 0.05, 0.0667, 0.0833, 0.1, 0.1167, 0.1333, 0.15, 0.1667, 0.1833, 0.2, 0.2167, 0.2333, 0.25, 0.2667, 0.2833, 0.3, 0.3167, 0.3333, 0.35, 0.3667, 0.3833, 0.4, 0.4167, 0.4333, 0.45, 0.4667, 0.4833, 0.5, 0.5167, 0.5333, 0.55, 0.5667, 0.5833, 0.6, 0.6167, 0.6333, 0.65, 0.6667, 0.6833, 0.7, 0.7167, 0.7333, 0.75, 0.7667, 0.7833, 0.8, 0.8167, 0.8333, 0.85, 0.8667, 0.8833, 0.9, 0.9167, 0.9333, 0.95, 0.9667, 0.9833, 1.0, 1.0167, 1.0333, 1.05, 1.0667, 1.0833, 1.1, 1.1167, 1.1333, 1.15, 1.1667, 1.1833, 1.2, 1.2167, 1.2333, 1.25, 1.2667, 1.2833, 1.3, 1.3167, 1.3333, 1.35, 1.3667, 1.3833, 1.4, 1.4167, 1.4333, 1.45, 1.4667, 1.4833, 1.5, 1.5167, 1.5333, 1.55, 1.5667, 1.5833, 1.6, 1.6167, 1.6333, 1.65, 1.6667, 1.6833, 1.7, 1.7167, 1.7333, 1.75, 1.7667, 1.7833, 1.8, 1.8167, 1.8333, 1.85, 1.8667, 1.8833, 1.9, 1.9167, 1.9333, 1.95, 1.9667, 1.9833, 2.0, 2.0167, 2.0333, 2.05, 2.0667, 2.0833, 2.1, 2.1167, 2.1333, 2.15, 2.1667, 2.1833, 2.2, 2.2167, 2.2333, 2.25, 2.2667, 2.2833, 2.3, 2.3167, 2.3333, 2.35, 2.3667, 2.3833, 2.4, 2.4167, 2.4333, 2.45, 2.4667, 2.4833, 2.5, 2.5167, 2.5333, 2.55, 2.5667, 2.5833, 2.6, 2.6167, 2.6333, 2.65, 2.6667, 2.6833, 2.7, 2.7167, 2.7333, 2.75, 2.7667, 2.7833, 2.8, 2.8167, 2.8333, 2.85, 2.8667, 2.8833, 2.9, 2.9167, 2.9333, 2.95, 2.9667, 2.9833, 3.0],
            "transform": [
                [-0.586776, 0.053406, -0.807986, -0.025875, -0.752293, 0.333209, 0.568355, -0.089671, 0.299581, 0.941339, -0.155342, 0.423413, 0.0, 0.0, 0.0, 1.0],
                [-0.600966, 0.059526, -0.797055, -0.025875, -0.739066, 0.338324, 0.58251, -0.094351, 0.304338, 0.939145, -0.159327, 0.423422, 0.0, 0.0, 0.0, 1.0],
                [-0.638424, 0.076728, -0.765852, -0.025875, -0.701439, 0.351622, 0.619956, -0.107178, 0.316858, 0.932992, -0.170664, 0.423481, 0.0, 0.0, 0.0, 1.0],
                [-0.69044, 0.103538, -0.715942, -0.025875, -0.641592, 0.369511, 0.672177, -0.126335, 0.334145, 0.92344, -0.188696, 0.423643, 0.0, 0.0, 0.0, 1.0],
                [-0.747674, 0.138144, -0.649539, -0.025875, -0.562479, 0.388186, 0.73002, -0.150006, 0.35299, 0.911168, -0.212533, 0.423957, 0.0, 0.0, 0.0, 1.0],
                [-0.801453, 0.177834, -0.571007, -0.025875, -0.469509, 0.404317, 0.784914, -0.176373, 0.370452, 0.897164, -0.240547, 0.424476, 0.0, 0.0, 0.0, 1.0],
                [-0.845363, 0.218968, -0.487252, -0.025875, -0.37093, 0.415765, 0.830392, -0.203621, 0.384411, 0.882719, -0.27025, 0.425249, 0.0, 0.0, 0.0, 1.0],
                [-0.876413, 0.257403, -0.406995, -0.025875, -0.276939, 0.422013, 0.863255, -0.229931, 0.393962, 0.869281, -0.298573, 0.426329, 0.0, 0.0, 0.0, 1.0],
                [-0.895099, 0.289088, -0.33945, -0.025875, -0.198153, 0.424084, 0.883679, -0.253487, 0.399416, 0.858243, -0.322314, 0.427766, 0.0, 0.0, 0.0, 1.0],
                [-0.90423, 0.310432, -0.293258, -0.025875, -0.14443, 0.423939, 0.894101, -0.272472, 0.401881, 0.850828, -0.338503, 0.42961, 0.0, 0.0, 0.0, 1.0],
                [-0.906877, 0.318241, -0.276219, -0.025875, -0.124644, 0.423576, 0.897244, -0.285069, 0.40254, 0.848119, -0.344465, 0.431914, 0.0, 0.0, 0.0, 1.0],
                [-0.906746, 0.315551, -0.279715, -0.026054, -0.129792, 0.422281, 0.897125, -0.293016, 0.401207, 0.849769, -0.341945, 0.43491, 0.0, 0.0, 0.0, 1.0],
                [-0.906035, 0.308168, -0.290058, -0.026698, -0.144811, 0.41826, 0.89671, -0.299379, 0.397657, 0.854454, -0.334332, 0.438634, 0.0, 0.0, 0.0, 1.0],
                [-0.904113, 0.297162, -0.307044, -0.027965, -0.16904, 0.411214, 0.895729, -0.304335, 0.392437, 0.861741, -0.321551, 0.44284, 0.0, 0.0, 0.0, 1.0],
                [-0.900182, 0.28368, -0.330451, -0.030016, -0.201771, 0.400763, 0.893688, -0.308059, 0.385954, 0.871157, -0.303521, 0.447283, 0.0, 0.0, 0.0, 1.0],
                [-0.893344, 0.268966, -0.359992, -0.033008, -0.242232, 0.38652, 0.889902, -0.310728, 0.378497, 0.88219, -0.280143, 0.451716, 0.0, 0.0, 0.0, 1.0],
                [-0.882646, 0.254367, -0.395265, -0.037101, -0.289559, 0.368161, 0.883523, -0.312516, 0.37026, 0.89429, -0.251301, 0.455895, 0.0, 0.0, 0.0, 1.0],
                [-0.867138, 0.241335, -0.435694, -0.042455, -0.342777, 0.345489, 0.873579, -0.313601, 0.361353, 0.90686, -0.216863, 0.459572, 0.0, 0.0, 0.0, 1.0],
                [-0.845929, 0.231402, -0.480477, -0.049228, -0.400786, 0.31851, 0.859024, -0.314159, 0.351817, 0.919241, -0.176694, 0.462503, 0.0, 0.0, 0.0, 1.0],
                [-0.818238, 0.226138, -0.528533, -0.057579, -0.462359, 0.287483, 0.838795, -0.314364, 0.341627, 0.930707, -0.130673, 0.464442, 0.0, 0.0, 0.0, 1.0],
                [-0.783455, 0.227078, -0.578476, -0.067668, -0.52615, 0.252976, 0.811892, -0.314393, 0.330703, 0.940446, -0.078718, 0.465143, 0.0, 0.0, 0.0, 1.0],
                [-0.74006, 0.236898, -0.629436, -0.079575, -0.591181, 0.21707, 0.776779, -0.300264, 0.320649, 0.946974, -0.020595, 0.458257, 0.0, 0.0, 0.0, 1.0],
                [-0.687578, 0.256099, -0.679449, -0.093064, -0.655836, 0.182564, 0.732496, -0.26102, 0.311634, 0.949254, 0.042432, 0.439569, 0.0, 0.0, 0.0, 1.0],
                [-0.627512, 0.282608, -0.725508, -0.10782, -0.717723, 0.151267, 0.679701, -0.201377, 0.301834, 0.947233, 0.107912, 0.412027, 0.0, 0.0, 0.0, 1.0],
                [-0.561965, 0.314003, -0.765243, -0.123528, -0.77461, 0.124721, 0.62002, -0.126049, 0.29013, 0.941194, 0.173141, 0.378585, 0.0, 0.0, 0.0, 1.0],
                [-0.493584, 0.347615, -0.797207, -0.139875, -0.824682, 0.104016, 0.55595, -0.039752, 0.276178, 0.93185, 0.235332, 0.342191, 0.0, 0.0, 0.0, 1.0],
                [-0.425369, 0.380702, -0.821053, -0.156544, -0.866748, 0.089668, 0.490619, 0.052798, 0.260402, 0.92034, 0.29183, 0.305797, 0.0, 0.0, 0.0, 1.0],
                [-0.360443, 0.410627, -0.837535, -0.173222, -0.900333, 0.081609, 0.42748, 0.146886, 0.243885, 0.908144, 0.340286, 0.272354, 0.0, 0.0, 0.0, 1.0],
                [-0.301844, 0.434987, -0.848338, -0.189593, -0.925644, 0.079274, 0.369998, 0.237797, 0.228195, 0.89694, 0.378715, 0.244813, 0.0, 0.0, 0.0, 1.0],
                [-0.252427, 0.451625, -0.855755, -0.205343, -0.94339, 0.08179, 0.321443, 0.320816, 0.215164, 0.888451, 0.405412, 0.226124, 0.0, 0.0, 0.0, 1.0],
                [-0.214917, 0.458532, -0.862299, -0.220158, -0.954515, 0.08822, 0.284812, 0.391227, 0.206668, 0.884288, 0.418716, 0.219239, 0.0, 0.0, 0.0, 1.0],
                [-0.188811, 0.454544, -0.870483, -0.23378, -0.960982, 0.096948, 0.259064, 0.445526, 0.202147, 0.885433, 0.418503, 0.221769, 0.0, 0.0, 0.0, 1.0],
                [-0.166735, 0.441285, -0.881741, -0.246184, -0.965929, 0.106422, 0.235916, 0.485059, 0.197943, 0.891034, 0.408505, 0.228903, 0.0, 0.0, 0.0, 1.0],
                [-0.140522, 0.420585, -0.896305, -0.257405, -0.971501, 0.115969, 0.206728, 0.51238, 0.19089, 0.899811, 0.392303, 0.239954, 0.0, 0.0, 0.0, 1.0],
                [-0.100637, 0.393816, -0.913664, -0.267475, -0.978962, 0.124637, 0.161552, 0.530044, 0.177498, 0.9107, 0.372988, 0.254237, 0.0, 0.0, 0.0, 1.0],
                [-0.03492, 0.361958, -0.93154, -0.276428, -0.987514, 0.130771, 0.087831, 0.540609, 0.153609, 0.922976, 0.352872, 0.271068, 0.0, 0.0, 0.0, 1.0],
                [0.073262, 0.325919, -0.942555, -0.284297, -0.990824, 0.131424, -0.03157, 0.546629, 0.113585, 0.936218, 0.332557, 0.289759, 0.0, 0.0, 0.0, 1.0],
                [0.245841, 0.287637, -0.925649, -0.291115, -0.968053, 0.121484, -0.219353, 0.55066, 0.049357, 0.950003, 0.308314, 0.309627, 0.0, 0.0, 0.0, 1.0],
                [0.504863, 0.247599, -0.826927, -0.296917, -0.862073, 0.095693, -0.497668, 0.554779, -0.044091, 0.964125, 0.26176, 0.329992, 0.0, 0.0, 0.0, 1.0],
                [0.785445, 0.213653, -0.580885, -0.301734, -0.602764, 0.050941, -0.796292, 0.559144, -0.140539, 0.97558, 0.168794, 0.350208, 0.0, 0.0, 0.0, 1.0],
                [0.954728, 0.20065, -0.219622, -0.3056, -0.223524, -0.003288, -0.974693, 0.563434, -0.196295, 0.979657, 0.041711, 0.369634, 0.0, 0.0, 0.0, 1.0],
                [0.970251, 0.207923, 0.124017, -0.30855, 0.136753, -0.047986, -0.989442, 0.567329, -0.199777, 0.976967, -0.074992, 0.387631, 0.0, 0.0, 0.0, 1.0],
                [0.905981, 0.22207, 0.360392, -0.310615, 0.384382, -0.07491, -0.92013, 0.570508, -0.177336, 0.972149, -0.153227, 0.403559, 0.0, 0.0, 0.0, 1.0],
                [0.843293, 0.232459, 0.484583, -0.31183, 0.514304, -0.087257, -0.853157, 0.572651, -0.156041, 0.968684, -0.193138, 0.416779, 0.0, 0.0, 0.0, 1.0],
                [0.823924, 0.23459, 0.515864, -0.312228, 0.546753, -0.089677, -0.832478, 0.573437, -0.14903, 0.967949, -0.20215, 0.42665, 0.0, 0.0, 0.0, 1.0],
                [0.830135, 0.232188, 0.506917, -0.312106, 0.536973, -0.088143, -0.838982, 0.573417, -0.150121, 0.968669, -0.197849, 0.432544, 0.0, 0.0, 0.0, 1.0],
                [0.833519, 0.232049, 0.501398, -0.311889, 0.530512, -0.082732, -0.84363, 0.573381, -0.154282, 0.96918, -0.192063, 0.435562, 0.0, 0.0, 0.0, 1.0],
                [0.835261, 0.233383, 0.497867, -0.311036, 0.525547, -0.072615, -0.84766, 0.573241, -0.161677, 0.96967, -0.183306, 0.437392, 0.0, 0.0, 0.0, 1.0],
                [0.836123, 0.234977, 0.495665, -0.308788, 0.521512, -0.060365, -0.851106, 0.572871, -0.17007, 0.970125, -0.173016, 0.438332, 0.0, 0.0, 0.0, 1.0],
                [0.836829, 0.235649, 0.494152, -0.304389, 0.51796, -0.048478, -0.85403, 0.572149, -0.177296, 0.970628, -0.162625, 0.438679, 0.0, 0.0, 0.0, 1.0],
                [0.83809, 0.23424, 0.492684, -0.297081, 0.514557, -0.039434, -0.856549, 0.570948, -0.18121, 0.971379, -0.153579, 0.438728, 0.0, 0.0, 0.0, 1.0],
                [0.843933, 0.229662, 0.484801, -0.276, 0.505111, -0.035841, -0.86231, 0.56767, -0.180664, 0.97261, -0.146252, 0.43485, 0.0, 0.0, 0.0, 1.0],
                [0.857558, 0.22002, 0.464958, -0.236063, 0.483711, -0.037446, -0.874426, 0.561599, -0.17498, 0.974776, -0.138538, 0.424375, 0.0, 0.0, 0.0, 1.0],
                [0.878026, 0.20279, 0.433528, -0.18518, 0.45016, -0.04225, -0.891948, 0.553937, -0.162562, 0.97831, -0.128385, 0.409046, 0.0, 0.0, 0.0, 1.0],
                [0.903785, 0.175303, 0.390437, -0.131265, 0.403929, -0.047836, -0.913539, 0.545886, -0.141469, 0.983352, -0.114044, 0.390604, 0.0, 0.0, 0.0, 1.0],
                [0.93245, 0.134875, 0.335182, -0.082228, 0.344375, -0.051162, -0.937437, 0.538648, -0.109288, 0.989541, -0.094153, 0.370791, 0.0, 0.0, 0.0, 1.0],
                [0.960483, 0.079064, 0.266872, -0.045983, 0.271091, -0.048374, -0.961337, 0.533423, -0.063098, 0.995695, -0.067896, 0.351348, 0.0, 0.0, 0.0, 1.0],
                [0.982838, 0.006127, 0.18437, -0.030442, 0.184471, -0.034714, -0.982225, 0.531415, 0.000382, 0.999379, -0.035249, 0.334018, 0.0, 0.0, 0.0, 1.0],
                [0.992702, -0.081922, 0.088493, -0.028645, 0.093629, 0.061132, -0.993729, 0.532319, 0.075999, 0.994762, 0.068356, 0.320405, 0.0, 0.0, 0.0, 1.0],
                [0.988829, -0.149032, -0.002343, -0.027983, 0.030268, 0.216171, -0.975886, 0.538651, 0.145945, 0.964914, 0.218268, 0.311564, 0.0, 0.0, 0.0, 1.0],
                [0.984091, -0.172216, -0.043666, -0.027889, 0.009162, 0.294642, -0.955564, 0.555837, 0.177429, 0.939962, 0.291532, 0.308413, 0.0, 0.0, 0.0, 1.0],
                [0.991035, -0.130419, 0.029, -0.038668, 0.065719, 0.286876, -0.955711, 0.603721, 0.116324, 0.949049, 0.292875, 0.339204, 0.0, 0.0, 0.0, 1.0],
                [0.975561, -0.02678, 0.21809, -0.064371, 0.21692, 0.275559, -0.93649, 0.693323, -0.035017, 0.960911, 0.274633, 0.412629, 0.0, 0.0, 0.0, 1.0],
                [0.881373, 0.097829, 0.462182, -0.095049, 0.421487, 0.279047, -0.862834, 0.814272, -0.21338, 0.955281, 0.20471, 0.500265, 0.0, 0.0, 0.0, 1.0],
                [0.706089, 0.191719, 0.681676, -0.120753, 0.620537, 0.296229, -0.726073, 0.945943, -0.341135, 0.935677, 0.090196, 0.57369, 0.0, 0.0, 0.0, 1.0],
                [0.513648, 0.217794, 0.829898, -0.131532, 0.774896, 0.297525, -0.557687, 1.065146, -0.368377, 0.92954, -0.015944, 0.604481, 0.0, 0.0, 0.0, 1.0],
                [0.354986, 0.207396, 0.911577, -0.131532, 0.874907, 0.269897, -0.402111, 1.155318, -0.329428, 0.940289, -0.085643, 0.60361, 0.0, 0.0, 0.0, 1.0],
                [0.231731, 0.20309, 0.951344, -0.131532, 0.932305, 0.232797, -0.27679, 1.218718, -0.277683, 0.951084, -0.135395, 0.601165, 0.0, 0.0, 0.0, 1.0],
                [0.141741, 0.202324, 0.969007, -0.131532, 0.964887, 0.190442, -0.180901, 1.260391, -0.22114, 0.960623, -0.168227, 0.597405, 0.0, 0.0, 0.0, 1.0],
                [0.079398, 0.201998, 0.976162, -0.131532, 0.983094, 0.146216, -0.110219, 1.285381, -0.164994, 0.96841, -0.186973, 0.592585, 0.0, 0.0, 0.0, 1.0],
                [0.038428, 0.198963, 0.979253, -0.131532, 0.992822, 0.103474, -0.059984, 1.298733, -0.113262, 0.974529, -0.193559, 0.58696, 0.0, 0.0, 0.0, 1.0],
                [0.012614, 0.190262, 0.981652, -0.131532, 0.997487, 0.066053, -0.02562, 1.305493, -0.069716, 0.979509, -0.188951, 0.580788, 0.0, 0.0, 0.0, 1.0],
                [-0.004107, 0.173318, 0.984858, -0.131532, 0.999258, 0.038449, -0.0026, 1.310706, -0.038317, 0.984115, -0.173348, 0.574325, 0.0, 0.0, 0.0, 1.0],
                [-0.018376, 0.150811, 0.988392, -0.129481, 0.999668, 0.020644, 0.015436, 1.318437, -0.018077, 0.988347, -0.15114, 0.567794, 0.0, 0.0, 0.0, 1.0],
                [-0.032543, 0.127371, 0.991321, -0.123915, 0.99946, 0.008793, 0.03168, 1.328844, -0.004682, 0.991816, -0.127588, 0.561294, 0.0, 0.0, 0.0, 1.0],
                [-0.046096, 0.10377, 0.993533, -0.115712, 0.998933, 0.001994, 0.046139, 1.341105, 0.002807, 0.994599, -0.103752, 0.554891, 0.0, 0.0, 0.0, 1.0],
                [-0.058581, 0.080799, 0.995008, -0.105752, 0.998268, -0.000711, 0.058831, 1.354397, 0.005461, 0.99673, -0.080617, 0.548651, 0.0, 0.0, 0.0, 1.0],
                [-0.069623, 0.05925, 0.995812, -0.094913, 0.997564, -0.000305, 0.069763, 1.367899, 0.004437, 0.998243, -0.059085, 0.542639, 0.0, 0.0, 0.0, 1.0],
                [-0.07894, 0.039915, 0.99608, -0.084074, 0.996879, 0.002223, 0.078914, 1.380789, 0.000936, 0.999201, -0.039966, 0.536922, 0.0, 0.0, 0.0, 1.0],
                [-0.086339, 0.023569, 0.995987, -0.074114, 0.996259, 0.005888, 0.086223, 1.392245, -0.003832, 0.999705, -0.023989, 0.531566, 0.0, 0.0, 0.0, 1.0],
                [-0.091703, 0.010972, 0.995726, -0.065911, 0.995749, 0.009715, 0.091598, 1.401446, -0.008668, 0.999893, -0.011816, 0.526636, 0.0, 0.0, 0.0, 1.0],
                [-0.094964, 0.00287, 0.995477, -0.060345, 0.995404, 0.012733, 0.094921, 1.407568, -0.012403, 0.999915, -0.004066, 0.522199, 0.0, 0.0, 0.0, 1.0],
                [-0.096067, 4e-06, 0.995375, -0.058294, 0.995278, 0.013961, 0.096057, 1.409792, -0.013896, 0.999903, -0.001345, 0.51832, 0.0, 0.0, 0.0, 1.0],
                [-0.096067, 4e-06, 0.995375, -0.058294, 0.995278, 0.013961, 0.096057, 1.409589, -0.013896, 0.999903, -0.001345, 0.515046, 0.0, 0.0, 0.0, 1.0],
                [-0.096067, 4e-06, 0.995375, -0.058294, 0.995278, 0.013961, 0.096057, 1.409028, -0.013896, 0.999903, -0.001345, 0.512343, 0.0, 0.0, 0.0, 1.0],
                [-0.096067, 4e-06, 0.995375, -0.058294, 0.995278, 0.013961, 0.096057, 1.408177, -0.013896, 0.999903, -0.001345, 0.510158, 0.0, 0.0, 0.0, 1.0],
                [-0.096067, 4e-06, 0.995375, -0.058294, 0.995278, 0.013961, 0.096057, 1.407106, -0.013896, 0.999903, -0.001345, 0.508437, 0.0, 0.0, 0.0, 1.0],
                [-0.096067, 4e-06, 0.995375, -0.058294, 0.995278, 0.013961, 0.096057, 1.405885, -0.013896, 0.999903, -0.001345, 0.507127, 0.0, 0.0, 0.0, 1.0],
                [-0.096067, 4e-06, 0.995375, -0.058294, 0.995278, 0.013961, 0.096057, 1.404584, -0.013896, 0.999903, -0.001345, 0.506175, 0.0, 0.0, 0.0, 1.0],
                [-0.096067, 4e-06, 0.995375, -0.058294, 0.995278, 0.013961, 0.096057, 1.403273, -0.013896, 0.999903, -0.001345, 0.505528, 0.0, 0.0, 0.0, 1.0],
                [-0.096067, 4e-06, 0.995375, -0.058294, 0.995278, 0.013961, 0.096057, 1.40202, -0.013896, 0.999903, -0.001345, 0.505132, 0.0, 0.0, 0.0, 1.0],
                [-0.096067, 4e-06, 0.995375, -0.058294, 0.995278, 0.013961, 0.096057, 1.400896, -0.013896, 0.999903, -0.001345, 0.504933, 0.0, 0.0, 0.0, 1.0],
                [-0.096067, 4e-06, 0.995375, -0.058294, 0.995278, 0.013961, 0.096057, 1.39997, -0.013896, 0.999903, -0.001345, 0.504879, 0.0, 0.0, 0.0, 1.0],
                [-0.095243, -0.000717, 0.995454, -0.058272, 0.995346, 0.014652, 0.095243, 1.39927, -0.014653, 0.999892, -0.000682, 0.504882, 0.0, 0.0, 0.0, 1.0],
                [-0.092626, -0.002706, 0.995698, -0.058205, 0.99556, 0.016567, 0.092658, 1.398661, -0.016747, 0.999859, 0.00116, 0.504909, 0.0, 0.0, 0.0, 1.0],
                [-0.087989, -0.005703, 0.996105, -0.058096, 0.995923, 0.019483, 0.088085, 1.397962, -0.01991, 0.999794, 0.003966, 0.50498, 0.0, 0.0, 0.0, 1.0],
                [-0.081097, -0.009444, 0.996661, -0.057944, 0.99642, 0.023181, 0.081297, 1.396998, -0.023872, 0.999687, 0.00753, 0.50512, 0.0, 0.0, 0.0, 1.0],
                [-0.071701, -0.013663, 0.997333, -0.057751, 0.997023, 0.02745, 0.072055, 1.395588, -0.028361, 0.99953, 0.011654, 0.505349, 0.0, 0.0, 0.0, 1.0],
                [-0.059543, -0.018089, 0.998062, -0.057518, 0.997677, 0.032077, 0.060102, 1.393556, -0.033102, 0.999322, 0.016137, 0.505692, 0.0, 0.0, 0.0, 1.0],
                [-0.044355, -0.022452, 0.998764, -0.057247, 0.9983, 0.036849, 0.045163, 1.390722, -0.037818, 0.999069, 0.020779, 0.50617, 0.0, 0.0, 0.0, 1.0],
                [-0.025856, -0.026479, 0.999315, -0.056937, 0.998773, 0.041544, 0.026942, 1.386909, -0.042229, 0.998786, 0.025372, 0.506807, 0.0, 0.0, 0.0, 1.0],
                [-0.003754, -0.029896, 0.999546, -0.05659, 0.998932, 0.045925, 0.005126, 1.381938, -0.046058, 0.998497, 0.029692, 0.507624, 0.0, 0.0, 0.0, 1.0],
                [0.02225, -0.032436, 0.999226, -0.056207, 0.998549, 0.049734, -0.020621, 1.375632, -0.049027, 0.998236, 0.033496, 0.508645, 0.0, 0.0, 0.0, 1.0],
                [0.052465, -0.033838, 0.998049, -0.05579, 0.997326, 0.052684, -0.050641, 1.367813, -0.050868, 0.998038, 0.036511, 0.509892, 0.0, 0.0, 0.0, 1.0],
                [0.0872, -0.033854, 0.995615, -0.055338, 0.994868, 0.054448, -0.085283, 1.3583, -0.051322, 0.997942, 0.038428, 0.511387, 0.0, 0.0, 0.0, 1.0],
                [0.126663, -0.033191, 0.99139, -0.054854, 0.990647, 0.055359, -0.124714, 1.346086, -0.050744, 0.997915, 0.039892, 0.513476, 0.0, 0.0, 0.0, 1.0],
                [0.170544, -0.032688, 0.984808, -0.054338, 0.984099, 0.055995, -0.168562, 1.330752, -0.049634, 0.997896, 0.041718, 0.516582, 0.0, 0.0, 0.0, 1.0],
                [0.218319, -0.032324, 0.975342, -0.053791, 0.974698, 0.056359, -0.216306, 1.313013, -0.047978, 0.997887, 0.04381, 0.520846, 0.0, 0.0, 0.0, 1.0],
                [0.269392, -0.032078, 0.962496, -0.053214, 0.961943, 0.056456, -0.267356, 1.293584, -0.045763, 0.99789, 0.046066, 0.526408, 0.0, 0.0, 0.0, 1.0],
                [0.323097, -0.031934, 0.945827, -0.052609, 0.945389, 0.056288, -0.321047, 1.273179, -0.042987, 0.997904, 0.048376, 0.533409, 0.0, 0.0, 0.0, 1.0],
                [0.378701, -0.031873, 0.92497, -0.051976, 0.924669, 0.055856, -0.376653, 1.252511, -0.03966, 0.99793, 0.050625, 0.541988, 0.0, 0.0, 0.0, 1.0],
                [0.435418, -0.031883, 0.899663, -0.051316, 0.899516, 0.055157, -0.433392, 1.232295, -0.035805, 0.997968, 0.052696, 0.552287, 0.0, 0.0, 0.0, 1.0],
                [0.492425, -0.031949, 0.869768, -0.05063, 0.869786, 0.054188, -0.490445, 1.213245, -0.031462, 0.99802, 0.054472, 0.564445, 0.0, 0.0, 0.0, 1.0],
                [0.548889, -0.032057, 0.83528, -0.04992, 0.835469, 0.052941, -0.546981, 1.195973, -0.026686, 0.998083, 0.055841, 0.578476, 0.0, 0.0, 0.0, 1.0],
                [0.603995, -0.032196, 0.796338, -0.049187, 0.796697, 0.051404, -0.602189, 1.180681, -0.021547, 0.998159, 0.056698, 0.593882, 0.0, 0.0, 0.0, 1.0],
                [0.656974, -0.032352, 0.753219, -0.04843, 0.753741, 0.049564, -0.6553, 1.167467, -0.016132, 0.998247, 0.056948, 0.610039, 0.0, 0.0, 0.0, 1.0],
                [0.707135, -0.032514, 0.70633, -0.047652, 0.707, 0.0474, -0.705623, 1.156434, -0.010537, 0.998347, 0.056506, 0.626321, 0.0, 0.0, 0.0, 1.0],
                [0.753887, -0.03267, 0.656192, -0.046854, 0.656986, 0.044888, -0.752565, 1.147678, -0.004869, 0.998458, 0.055304, 0.642105, 0.0, 0.0, 0.0, 1.0],
                [0.796757, -0.032806, 0.603408, -0.046036, 0.604299, 0.041997, -0.79565, 1.141301, 0.000761, 0.998579, 0.053286, 0.656765, 0.0, 0.0, 0.0, 1.0],
                [0.835405, -0.03291, 0.548649, -0.0452, 0.549599, 0.038689, -0.834532, 1.137402, 0.006238, 0.998709, 0.050409, 0.669677, 0.0, 0.0, 0.0, 1.0],
                [0.869625, -0.032969, 0.49261, -0.044346, 0.493579, 0.03492, -0.868999, 1.13608, 0.011448, 0.998846, 0.04664, 0.680215, 0.0, 0.0, 0.0, 1.0],
                [0.899521, -0.032955, 0.435633, -0.043476, 0.436574, 0.030633, -0.899146, 1.136271, 0.016286, 0.998987, 0.041943, 0.688475, 0.0, 0.0, 0.0, 1.0],
                [0.925299, -0.032902, 0.377808, -0.04259, 0.378674, 0.025842, -0.925169, 1.136915, 0.020677, 0.999124, 0.036371, 0.695089, 0.0, 0.0, 0.0, 1.0],
                [0.94703, -0.032883, 0.319457, -0.04169, 0.320204, 0.020602, -0.947124, 1.138116, 0.024562, 0.999247, 0.03004, 0.70024, 0.0, 0.0, 0.0, 1.0],
                [0.964805, -0.032959, 0.260892, -0.040777, 0.261482, 0.014981, -0.965092, 1.139979, 0.0279, 0.999344, 0.023072, 0.704111, 0.0, 0.0, 0.0, 1.0],
                [0.978738, -0.033188, 0.202411, -0.039851, 0.202809, 0.009054, -0.979176, 1.142608, 0.030664, 0.999408, 0.015593, 0.706884, 0.0, 0.0, 0.0, 1.0],
                [0.988963, -0.033615, 0.144298, -0.038914, 0.144476, 0.002909, -0.989504, 1.146108, 0.032842, 0.999431, 0.007733, 0.708743, 0.0, 0.0, 0.0, 1.0],
                [0.995634, -0.034275, 0.086822, -0.037967, 0.086758, -0.003364, -0.996224, 1.150584, 0.034437, 0.999407, -0.000375, 0.709871, 0.0, 0.0, 0.0, 1.0],
                [0.998923, -0.035194, 0.030237, -0.037011, 0.029914, -0.009664, -0.999506, 1.15614, 0.035469, 0.999334, -0.008601, 0.71045, 0.0, 0.0, 0.0, 1.0],
                [0.999019, -0.036387, -0.025221, -0.036046, -0.025812, -0.01589, -0.999541, 1.16288, 0.03597, 0.999211, -0.016813, 0.710663, 0.0, 0.0, 0.0, 1.0],
                [0.996129, -0.037858, -0.079331, -0.035074, -0.080197, -0.021934, -0.996538, 1.17091, 0.035987, 0.999042, -0.024885, 0.710694, 0.0, 0.0, 0.0, 1.0],
                [0.990472, -0.0396, -0.131895, -0.034096, -0.133036, -0.027688, -0.990724, 1.180294, 0.03558, 0.998832, -0.032692, 0.710278, 0.0, 0.0, 0.0, 1.0],
                [0.982283, -0.041595, -0.182732, -0.033113, -0.184143, -0.033043, -0.982344, 1.190937, 0.034822, 0.998588, -0.040117, 0.709097, 0.0, 0.0, 0.0, 1.0],
                [0.971804, -0.043816, -0.231683, -0.032126, -0.233356, -0.037893, -0.971653, 1.202702, 0.033794, 0.998321, -0.04705, 0.707251, 0.0, 0.0, 0.0, 1.0],
                [0.95929, -0.046227, -0.278613, -0.031135, -0.280536, -0.042134, -0.958918, 1.215455, 0.032589, 0.998042, -0.053387, 0.70484, 0.0, 0.0, 0.0, 1.0],
                [0.945002, -0.048784, -0.323407, -0.030143, -0.325564, -0.045664, -0.944417, 1.229059, 0.031305, 0.997765, -0.059035, 0.701965, 0.0, 0.0, 0.0, 1.0],
                [0.929202, -0.051436, -0.365975, -0.02915, -0.368349, -0.048387, -0.928428, 1.243379, 0.030046, 0.997503, -0.063908, 0.698727, 0.0, 0.0, 0.0, 1.0],
                [0.912158, -0.054127, -0.406249, -0.028156, -0.408817, -0.050216, -0.911234, 1.258279, 0.028922, 0.997271, -0.067933, 0.695226, 0.0, 0.0, 0.0, 1.0],
                [0.894134, -0.056795, -0.444184, -0.027164, -0.446921, -0.051068, -0.893115, 1.273624, 0.028041, 0.997079, -0.071044, 0.691561, 0.0, 0.0, 0.0, 1.0],
                [0.875391, -0.059378, -0.479755, -0.026173, -0.482632, -0.050867, -0.874345, 1.289278, 0.027513, 0.996939, -0.073186, 0.687835, 0.0, 0.0, 0.0, 1.0],
                [0.856184, -0.061812, -0.512961, -0.025186, -0.515942, -0.049548, -0.85519, 1.305105, 0.027445, 0.996857, -0.074313, 0.684146, 0.0, 0.0, 0.0, 1.0],
                [0.836684, -0.064068, -0.543925, -0.024203, -0.546974, -0.047139, -0.835822, 1.321003, 0.027909, 0.996832, -0.074484, 0.680578, 0.0, 0.0, 0.0, 1.0],
                [0.816999, -0.066136, -0.572833, -0.023225, -0.575914, -0.043796, -0.816337, 1.336996, 0.028901, 0.996849, -0.07387, 0.677143, 0.0, 0.0, 0.0, 1.0],
                [0.797264, -0.067991, -0.59979, -0.022253, -0.602865, -0.039648, -0.796857, 1.353145, 0.030398, 0.996898, -0.072599, 0.673838, 0.0, 0.0, 0.0, 1.0],
                [0.777592, -0.069621, -0.624903, -0.021288, -0.627936, -0.034821, -0.777486, 1.369506, 0.032369, 0.996966, -0.070794, 0.670658, 0.0, 0.0, 0.0, 1.0],
                [0.758079, -0.071023, -0.648283, -0.020332, -0.651235, -0.029438, -0.758305, 1.386139, 0.034773, 0.99704, -0.068569, 0.667597, 0.0, 0.0, 0.0, 1.0],
                [0.738805, -0.072204, -0.670041, -0.019385, -0.672872, -0.023618, -0.739382, 1.403101, 0.037562, 0.99711, -0.066033, 0.664653, 0.0, 0.0, 0.0, 1.0],
                [0.719829, -0.073178, -0.690284, -0.018448, -0.692959, -0.017473, -0.720766, 1.420452, 0.040682, 0.997166, -0.063287, 0.661819, 0.0, 0.0, 0.0, 1.0],
                [0.701198, -0.073964, -0.709119, -0.017522, -0.711602, -0.011115, -0.702495, 1.43825, 0.044077, 0.997199, -0.060427, 0.659092, 0.0, 0.0, 0.0, 1.0],
                [0.682948, -0.074587, -0.726649, -0.016609, -0.728909, -0.004647, -0.684595, 1.456553, 0.047686, 0.997204, -0.057541, 0.656467, 0.0, 0.0, 0.0, 1.0],
                [0.6651, -0.075078, -0.742971, -0.015709, -0.74498, 0.001831, -0.667084, 1.47542, 0.051444, 0.997176, -0.054714, 0.65394, 0.0, 0.0, 0.0, 1.0],
                [0.647665, -0.075468, -0.758179, -0.014823, -0.759917, 0.008225, -0.649968, 1.494843, 0.055288, 0.997114, -0.052022, 0.651505, 0.0, 0.0, 0.0, 1.0],
                [0.630646, -0.075792, -0.77236, -0.013953, -0.773813, 0.014444, -0.63325, 1.514555, 0.059151, 0.997019, -0.04954, 0.649159, 0.0, 0.0, 0.0, 1.0],
                [0.614039, -0.076088, -0.7856, -0.013099, -0.78676, 0.020401, -0.616921, 1.534224, 0.062968, 0.996892, -0.047336, 0.646897, 0.0, 0.0, 0.0, 1.0],
                [0.59783, -0.076395, -0.797974, -0.012263, -0.798845, 0.026016, -0.600973, 1.553515, 0.066671, 0.996738, -0.045474, 0.644714, 0.0, 0.0, 0.0, 1.0],
                [0.582002, -0.076751, -0.809557, -0.011445, -0.810152, 0.031211, -0.585389, 1.572096, 0.070196, 0.996562, -0.044015, 0.642606, 0.0, 0.0, 0.0, 1.0],
                [0.566532, -0.077197, -0.820416, -0.010647, -0.820758, 0.035911, -0.570147, 1.589635, 0.073476, 0.996369, -0.043015, 0.640568, 0.0, 0.0, 0.0, 1.0],
                [0.551393, -0.077775, -0.830613, -0.009869, -0.830736, 0.040047, -0.555224, 1.605797, 0.076446, 0.996166, -0.042529, 0.638596, 0.0, 0.0, 0.0, 1.0],
                [0.536553, -0.078525, -0.840205, -0.009112, -0.840157, 0.04355, -0.540592, 1.62025, 0.079041, 0.99596, -0.042607, 0.636685, 0.0, 0.0, 0.0, 1.0],
                [0.52198, -0.07949, -0.849246, -0.008379, -0.849084, 0.046355, -0.526219, 1.632661, 0.081196, 0.995757, -0.043297, 0.634831, 0.0, 0.0, 0.0, 1.0],
                [0.507638, -0.080711, -0.857782, -0.007669, -0.857578, 0.048403, -0.512072, 1.642697, 0.082849, 0.995562, -0.044644, 0.633029, 0.0, 0.0, 0.0, 1.0],
                [0.493507, -0.08212, -0.865857, -0.006983, -0.865671, 0.049827, -0.498127, 1.651005, 0.08405, 0.995376, -0.046499, 0.631276, 0.0, 0.0, 0.0, 1.0],
                [0.479631, -0.083615, -0.873477, -0.006323, -0.873352, 0.050837, -0.484429, 1.658483, 0.084911, 0.9952, -0.048643, 0.629574, 0.0, 0.0, 0.0, 1.0],
                [0.466068, -0.085184, -0.880638, -0.00569, -0.880612, 0.051479, -0.471034, 1.665174, 0.085458, 0.995035, -0.051021, 0.627929, 0.0, 0.0, 0.0, 1.0],
                [0.452877, -0.086811, -0.887337, -0.005085, -0.887443, 0.051798, -0.457998, 1.671123, 0.085721, 0.994877, -0.053582, 0.626343, 0.0, 0.0, 0.0, 1.0],
                [0.440112, -0.088484, -0.893572, -0.004508, -0.893841, 0.051837, -0.445378, 1.676372, 0.085728, 0.994728, -0.056276, 0.624822, 0.0, 0.0, 0.0, 1.0],
                [0.427828, -0.090185, -0.89935, -0.003961, -0.899806, 0.051636, -0.433223, 1.680967, 0.085509, 0.994586, -0.059058, 0.623369, 0.0, 0.0, 0.0, 1.0],
                [0.416076, -0.0919, -0.904674, -0.003445, -0.90534, 0.051234, -0.421587, 1.68495, 0.085094, 0.994449, -0.061883, 0.621988, 0.0, 0.0, 0.0, 1.0],
                [0.404907, -0.09361, -0.909553, -0.002961, -0.910444, 0.050669, -0.410518, 1.688365, 0.084515, 0.994319, -0.064711, 0.620684, 0.0, 0.0, 0.0, 1.0],
                [0.39437, -0.095299, -0.913997, -0.002509, -0.915123, 0.049974, -0.400066, 1.691255, 0.083802, 0.994193, -0.067502, 0.61946, 0.0, 0.0, 0.0, 1.0],
                [0.384511, -0.096947, -0.918015, -0.002092, -0.919382, 0.049184, -0.390278, 1.693665, 0.082988, 0.994074, -0.070219, 0.618321, 0.0, 0.0, 0.0, 1.0],
                [0.375378, -0.098535, -0.92162, -0.001709, -0.923228, 0.048331, -0.381201, 1.695638, 0.082104, 0.993959, -0.072828, 0.617271, 0.0, 0.0, 0.0, 1.0],
                [0.367016, -0.100044, -0.924819, -0.001362, -0.926666, 0.047444, -0.372881, 1.697218, 0.081182, 0.993851, -0.075295, 0.616314, 0.0, 0.0, 0.0, 1.0],
                [0.359469, -0.101454, -0.927626, -0.001052, -0.9297, 0.046556, -0.365364, 1.698449, 0.080254, 0.99375, -0.077587, 0.615454, 0.0, 0.0, 0.0, 1.0],
                [0.35278, -0.102745, -0.930048, -0.000781, -0.932336, 0.045693, -0.358696, 1.699374, 0.079351, 0.993658, -0.079673, 0.614696, 0.0, 0.0, 0.0, 1.0],
                [0.346995, -0.103896, -0.932095, -0.000548, -0.934576, 0.044885, -0.352922, 1.700036, 0.078504, 0.993575, -0.081524, 0.614043, 0.0, 0.0, 0.0, 1.0],
                [0.342158, -0.104885, -0.93377, -0.000355, -0.936421, 0.044159, -0.348089, 1.70048, 0.077744, 0.993503, -0.083108, 0.613499, 0.0, 0.0, 0.0, 1.0],
                [0.338312, -0.105693, -0.93508, -0.000203, -0.93787, 0.043544, -0.344244, 1.70075, 0.077101, 0.993445, -0.084395, 0.613069, 0.0, 0.0, 0.0, 1.0],
                [0.335506, -0.106297, -0.936022, -9.4e-05, -0.938918, 0.043069, -0.341435, 1.700888, 0.076607, 0.993401, -0.085354, 0.612756, 0.0, 0.0, 0.0, 1.0],
                [0.333786, -0.106675, -0.936594, -2.7e-05, -0.939557, 0.042761, -0.339712, 1.700939, 0.076289, 0.993374, -0.085954, 0.612566, 0.0, 0.0, 0.0, 1.0],
                [0.333201, -0.106806, -0.936787, -5e-06, -0.939774, 0.042652, -0.339126, 1.700946, 0.076176, 0.993365, -0.086162, 0.612502, 0.0, 0.0, 0.0, 1.0]
            ]
        },
        {
            "name": "Thigh_R",
            "time": [0.0, 0.0167, 0.0333, 0.05, 0.0667, 0.0833, 0.1, 0.1167, 0.1333, 0.15, 0.1667, 0.1833, 0.2, 0.2167, 0.2333, 0.25, 0.2667, 0.2833, 0.3, 0.3167, 0.3333, 0.35, 0.3667, 0.3833, 0.4, 0.4167, 0.4333, 0.45, 0.4667, 0.4833, 0.5, 0.5167, 0.5333, 0.55, 0.5667, 0.5833, 0.6, 0.6167, 0.6333, 0.65, 0.6667, 0.6833, 0.7, 0.7167, 0.7333, 0.75, 0.7667, 0.7833, 0.8, 0.8167, 0.8333, 0.85, 0.8667, 0.8833, 0.9, 0.9167, 0.9333, 0.95, 0.9667, 0.9833, 1.0, 1.0167, 1.0333, 1.05, 1.0667, 1.0833, 1.1, 1.1167, 1.1333, 1.15, 1.1667, 1.1833, 1.2, 1.2167, 1.2333, 1.25, 1.2667, 1.2833, 1.3, 1.3167, 1.3333, 1.35, 1.3667, 1.3833, 1.4, 1.4167, 1.4333, 1.45, 1.4667, 1.4833, 1.5, 1.5167, 1.5333, 1.55, 1.5667, 1.5833, 1.6, 1.6167, 1.6333, 1.65, 1.6667, 1.6833, 1.7, 1.7167, 1.7333, 1.75, 1.7667, 1.7833, 1.8, 1.8167, 1.8333, 1.85, 1.8667, 1.8833, 1.9, 1.9167, 1.9333, 1.95, 1.9667, 1.9833, 2.0, 2.0167, 2.0333, 2.05, 2.0667, 2.0833, 2.1, 2.1167, 2.1333, 2.15, 2.1667, 2.1833, 2.2, 2.2167, 2.2333, 2.25, 2.2667, 2.2833, 2.3, 2.3167, 2.3333, 2.35, 2.3667, 2.3833, 2.4, 2.4167, 2.4333, 2.45, 2.4667, 2.4833, 2.5, 2.5167, 2.5333, 2.55, 2.5667, 2.5833, 2.6, 2.6167, 2.6333, 2.65, 2.6667, 2.6833, 2.7, 2.7167, 2.7333, 2.75, 2.7667, 2.7833, 2.8, 2.8167, 2.8333, 2.85, 2.8667, 2.8833, 2.9, 2.9167, 2.9333, 2.95, 2.9667, 2.9833, 3.0],
            "transform": [
                [0.918273, 0.310109, 0.246181, 0.124994, -0.126128, -0.360263, 0.924285, -0.002831, 0.375319, -0.879796, -0.291707, -1.2e-05, 0.0, 0.0, 0.0, 1.0],
                [0.922597, 0.289698, 0.254734, 0.124994, -0.141043, -0.361299, 0.921721, -0.002831, 0.359056, -0.886305, -0.292474, -1.2e-05, 0.0, 0.0, 0.0, 1.0],
                [0.932142, 0.232951, 0.277206, 0.124994, -0.180946, -0.36344, 0.913876, -0.002831, 0.313636, -0.902022, -0.296627, -1.2e-05, 0.0, 0.0, 0.0, 1.0],
                [0.940219, 0.146181, 0.307601, 0.124994, -0.237875, -0.36449, 0.900312, -0.00283, 0.243726, -0.91966, -0.307928, -1.2e-05, 0.0, 0.0, 0.0, 1.0],
                [0.940141, 0.036904, 0.338778, 0.124994, -0.303449, -0.361747, 0.881509, -0.002831, 0.155084, -0.931544, -0.328896, -1.2e-05, 0.0, 0.0, 0.0, 1.0],
                [0.927489, -0.085043, 0.364046, 0.124994, -0.369717, -0.353005, 0.859475, -0.002831, 0.055418, -0.931747, -0.358851, -1.2e-05, 0.0, 0.0, 0.0, 1.0],
                [0.901605, -0.208092, 0.379216, 0.124994, -0.430089, -0.337705, 0.837244, -0.002831, -0.046161, -0.91796, -0.393975, -1.2e-05, 0.0, 0.0, 0.0, 1.0],
                [0.865947, -0.320793, 0.383701, 0.124994, -0.480001, -0.317588, 0.817763, -0.002831, -0.140474, -0.892315, -0.428997, -1.2e-05, 0.0, 0.0, 0.0, 1.0],
                [0.827359, -0.413513, 0.38011, 0.124994, -0.51709, -0.296535, 0.802922, -0.002831, -0.219303, -0.860855, -0.459165, -1.2e-05, 0.0, 0.0, 0.0, 1.0],
                [0.794785, -0.478721, 0.373017, 0.124994, -0.540858, -0.27991, 0.793173, -0.002831, -0.275298, -0.83215, -0.48139, -1.2e-05, 0.0, 0.0, 0.0, 1.0],
                [0.777821, -0.509675, 0.367728, 0.124994, -0.551804, -0.273746, 0.787766, -0.002831, -0.30084, -0.815654, -0.494167, -1.2e-05, 0.0, 0.0, 0.0, 1.0],
                [0.781335, -0.509852, 0.35995, 0.124994, -0.547343, -0.282661, 0.787729, -0.002831, -0.299882, -0.812496, -0.499918, -1.2e-05, 0.0, 0.0, 0.0, 1.0],
                [0.801558, -0.490008, 0.34263, 0.124994, -0.526081, -0.305649, 0.79361, -0.002831, -0.284151, -0.816375, -0.50278, -1.2e-05, 0.0, 0.0, 0.0, 1.0],
                [0.83351, -0.453307, 0.315866, 0.124994, -0.489125, -0.339556, 0.803404, -0.002831, -0.256934, -0.824143, -0.504748, -1.2e-05, 0.0, 0.0, 0.0, 1.0],
                [0.871252, -0.403153, 0.279974, 0.124994, -0.43774, -0.380172, 0.814772, -0.002831, -0.22204, -0.832427, -0.507703, -1.2e-05, 0.0, 0.0, 0.0, 1.0],
                [0.908708, -0.343819, 0.236719, 0.124994, -0.374815, -0.422434, 0.825265, -0.002831, -0.183744, -0.838651, -0.512739, -1.2e-05, 0.0, 0.0, 0.0, 1.0],
                [0.940894, -0.280499, 0.189833, 0.124994, -0.305549, -0.461126, 0.833068, -0.002831, -0.146138, -0.841832, -0.519578, -1.2e-05, 0.0, 0.0, 0.0, 1.0],
                [0.965017, -0.218621, 0.144722, 0.124993, -0.23702, -0.491494, 0.838006, -0.002831, -0.112076, -0.842992, -0.526119, -1.2e-05, 0.0, 0.0, 0.0, 1.0],
                [0.980768, -0.162869, 0.107547, 0.124994, -0.176923, -0.509244, 0.842239, -0.002831, -0.082407, -0.845068, -0.528267, -1.2e-05, 0.0, 0.0, 0.0, 1.0],
                [0.989623, -0.116472, 0.084133, 0.124993, -0.132275, -0.50989, 0.850009, -0.002831, -0.056104, -0.852316, -0.520006, -1.2e-05, 0.0, 0.0, 0.0, 1.0],
                [0.993564, -0.080918, 0.079253, 0.124994, -0.10882, -0.487895, 0.866093, -0.002831, -0.031416, -0.869142, -0.493562, -1.2e-05, 0.0, 0.0, 0.0, 1.0],
                [0.995827, -0.036476, 0.083646, 0.124994, -0.091211, -0.42578, 0.900217, -0.002831, 0.002778, -0.90409, -0.427331, -1.2e-05, 0.0, 0.0, 0.0, 1.0],
                [0.996695, 0.033397, 0.074043, 0.124993, -0.05981, -0.315018, 0.9472, -0.002831, 0.054958, -0.948497, -0.31198, -1.2e-05, 0.0, 0.0, 0.0, 1.0],
                [0.992277, 0.119202, 0.034298, 0.124993, -0.014008, -0.167047, 0.985849, -0.002831, 0.123245, -0.978715, -0.164088, -1.2e-05, 0.0, 0.0, 0.0, 1.0],
                [0.977593, 0.205909, -0.043709, 0.124994, 0.045299, -0.003012, 0.998969, -0.002831, 0.205565, -0.978565, -0.012272, -1.2e-05, 0.0, 0.0, 0.0, 1.0],
                [0.947729, 0.279889, -0.153202, 0.124994, 0.114944, 0.148422, 0.982221, -0.002831, 0.297652, -0.948489, 0.108492, -1.2e-05, 0.0, 0.0, 0.0, 1.0],
                [0.9004, 0.338245, -0.273623, 0.124994, 0.189221, 0.261864, 0.946373, -0.002831, 0.391758, -0.903889, 0.171779, -1.2e-05, 0.0, 0.0, 0.0, 1.0],
                [0.838812, 0.389214, -0.380663, 0.124994, 0.261329, 0.325533, 0.9087, -0.002831, 0.477597, -0.861707, 0.171349, -1.2e-05, 0.0, 0.0, 0.0, 1.0],
                [0.772107, 0.441892, -0.456707, 0.124994, 0.326149, 0.341254, 0.881573, -0.002831, 0.545413, -0.829623, 0.119362, -1.2e-05, 0.0, 0.0, 0.0, 1.0],
                [0.71249, 0.496827, -0.4955, 0.124994, 0.382077, 0.317594, 0.867843, -0.002831, 0.588536, -0.807648, 0.036457, -1.2e-05, 0.0, 0.0, 0.0, 1.0],
                [0.671623, 0.544718, -0.502198, 0.124994, 0.43017, 0.265174, 0.862923, -0.002831, 0.60322, -0.795589, -0.056224, -1.2e-05, 0.0, 0.0, 0.0, 1.0],
                [0.651796, 0.574714, -0.494837, 0.124994, 0.469331, 0.206858, 0.858451, -0.002831, 0.595725, -0.791777, -0.134902, -1.2e-05, 0.0, 0.0, 0.0, 1.0],
                [0.643369, 0.585847, -0.492806, 0.124994, 0.502435, 0.162563, 0.849195, -0.002831, 0.57761, -0.793949, -0.189762, -1.2e-05, 0.0, 0.0, 0.0, 1.0],
                [0.637719, 0.581775, -0.504827, 0.124994, 0.536143, 0.135309, 0.833212, -0.002831, 0.55305, -0.802014, -0.225626, -1.2e-05, 0.0, 0.0, 0.0, 1.0],
                [0.624739, 0.570629, -0.532993, 0.124994, 0.579193, 0.119132, 0.806438, -0.002831, 0.523674, -0.812519, -0.256078, -1.2e-05, 0.0, 0.0, 0.0, 1.0],
                [0.591291, 0.563614, -0.576813, 0.124994, 0.644686, 0.099367, 0.757961, -0.002831, 0.484514, -0.820038, -0.3046, -1.2e-05, 0.0, 0.0, 0.0, 1.0],
                [0.522045, 0.575749, -0.629269, 0.124994, 0.743705, 0.053932, 0.666328, -0.002831, 0.417576, -0.815844, -0.400034, -1.2e-05, 0.0, 0.0, 0.0, 1.0],
                [0.416196, 0.636201, -0.649637, 0.124994, 0.858891, -0.040547, 0.510549, -0.002831, 0.298471, -0.770455, -0.563304, -1.2e-05, 0.0, 0.0, 0.0, 1.0],
                [0.326144, 0.779193, -0.535244, 0.124993, 0.937997, -0.196412, 0.285626, -0.002831, 0.117429, -0.595212, -0.794941, -1.2e-05, 0.0, 0.0, 0.0, 1.0],
                [0.370893, 0.904063, -0.212383, 0.124994, 0.925106, -0.379705, -0.000761, -0.002831, -0.081331, -0.196195, -0.977186, -1.2e-05, 0.0, 0.0, 0.0, 1.0],
                [0.573111, 0.800778, 0.174056, 0.124994, 0.802194, -0.504832, -0.318789, -0.002831, -0.167411, 0.322328, -0.931707, -1.2e-05, 0.0, 0.0, 0.0, 1.0],
                [0.769764, 0.495718, 0.402151, 0.124994, 0.633291, -0.51409, -0.578491, -0.002831, -0.080027, 0.69998, -0.709664, -1.2e-05, 0.0, 0.0, 0.0, 1.0],
                [0.866352, 0.194167, 0.460143, 0.124994, 0.495665, -0.447227, -0.744515, -0.002831, 0.061228, 0.873088, -0.4837, -1.2e-05, 0.0, 0.0, 0.0, 1.0],
                [0.896821, -0.002294, 0.442387, 0.124993, 0.41247, -0.357181, -0.838027, -0.002831, 0.159935, 0.934031, -0.319382, -1.2e-05, 0.0, 0.0, 0.0, 1.0],
                [0.904511, -0.075412, 0.419726, 0.124994, 0.382922, -0.28956, -0.877225, -0.002831, 0.187689, 0.954183, -0.233034, -1.2e-05, 0.0, 0.0, 0.0, 1.0],
                [0.906594, -0.074182, 0.415431, 0.124994, 0.381477, -0.276875, -0.881938, -0.002831, 0.180446, 0.958037, -0.222715, -1.2e-05, 0.0, 0.0, 0.0, 1.0],
                [0.906711, -0.067075, 0.416383, 0.124994, 0.383177, -0.28147, -0.879744, -0.002831, 0.176208, 0.957221, -0.229511, -1.2e-05, 0.0, 0.0, 0.0, 1.0],
                [0.905065, -0.052518, 0.422015, 0.124993, 0.387685, -0.305994, -0.869522, -0.002831, 0.1748, 0.950583, -0.256585, -1.2e-05, 0.0, 0.0, 0.0, 1.0],
                [0.902351, -0.035695, 0.429519, 0.124994, 0.393173, -0.340084, -0.854258, -0.002831, 0.176565, 0.939716, -0.292842, -1.2e-05, 0.0, 0.0, 0.0, 1.0],
